-0.009938
-0.019875
-0.029812
-0.039750
-0.049688
-0.059625
-0.069562
-0.079500
-0.089438
-0.099375
-0.109313
-0.119250
-0.129188
-0.139125
-0.149062
-0.159000
-0.168937
-0.178875
-0.188812
-0.198750
-0.208687
-0.218438
0.226250
0.236125
0.245875
0.255750
0.265875
0.276625
0.288250
-0.303125
-0.317500
-0.331875
-0.346500
-0.361063
-0.371133
0.380875
0.389500
0.398750
0.407000
0.414812
0.422438
0.430125
0.437625
0.445125
0.452313
0.459437
0.466500
0.473500
0.480438
0.487250
0.494000
0.500687
0.507313
0.513938
0.520563
0.527375
0.534625
-0.542125
-0.549562
-0.557000
-0.564500
0.571625
0.578500
0.584750
0.591063
0.597375
0.603750
0.610125
0.616500
0.622875
0.629313
0.635687
0.642125
0.648563
0.655000
0.661563
0.668188
0.674937
0.681875
0.688937
0.696313
0.703875
0.711562
0.719375
0.727313
0.735250
0.743250
0.751188
0.758875
0.766437
0.773875
0.781312
0.788687
0.796063
0.803500
0.810937
0.818312
0.825688
0.833125
0.840562
0.847938
0.855375
0.862875
0.870375
0.878062
0.885750
0.893375
0.901125
0.909000
0.916813
0.924875
0.932688
0.940562
0.948438
0.956313
0.964250
0.972000
0.980375
0.989000
0.998062
1.007437
1.016250
1.025125
1.033813
1.042375
1.050812
1.059063
1.067250
1.075438
1.083687
1.092688
-1.102688
-1.112688
-1.122688
-1.132688
-1.142625
1.152062
1.162500
1.173188
1.184500
1.196125
1.208125
1.220063
1.231313
1.242438
1.252563
-1.262875
-1.273187
-1.283500
-1.293813
-1.304125
-1.314437
-1.324750
-1.335063
-1.345562
1.354937
1.366313
1.378313
1.390562
1.403250
1.416187
1.429188
1.442813
1.456937
-1.472000
-1.486625
-1.502312
-1.512687
-1.523062
-1.533438
-1.543813
-1.554125
-1.564000
-1.573875
-1.583813
-1.595938
-1.608000
-1.618625
-1.629250
-1.639875
